01 03 04 00 00 00 05 3A 30 
01 03 04 00 00 00 05 3A 30 
01 03 04 00 00 00 08 FB F5 
01 03 04 00 00 00 0B BB F4 
01 03 04 00 00 00 0B BB F4 
01 03 04 00 00 00 0B BB F4 
01 03 04 00 00 00 0B BB F4 
01 03 04 00 00 00 0B BB F4 
01 03 04 00 00 00 0B BB F4 
01 03 04 00 00 00 0B BB F4 
01 03 04 00 00 00 0A 7A 34 
01 03 04 00 00 00 0B BB F4 
01 03 04 00 00 00 0B BB F4 
01 03 04 00 00 00 0B BB F4 
01 03 04 00 00 00 0B BB F4 
01 03 04 00 00 00 0B BB F4 
01 03 04 00 00 00 0C FA 36 
01 03 04 00 00 00 0C FA 36 
01 03 04 00 00 00 0C FA 36 
01 03 04 00 00 00 0C FA 36 
01 03 04 00 00 00 0C FA 36 
01 03 04 00 00 00 0B BB F4 
01 03 04 00 00 00 0C FA 36 
01 03 04 00 00 00 0C FA 36 
01 03 04 00 00 00 0E 7B F7 
01 03 04 00 00 00 11 3A 3F 
01 03 04 00 00 00 13 BB FE 
01 03 04 00 00 00 18 FA 39 
01 03 04 00 00 00 1B BA 38 
01 03 04 00 00 00 1D 3A 3A 
01 03 04 00 00 00 21 3A 2B 
01 03 04 00 00 00 22 7A 2A 
01 03 04 00 00 00 27 BA 29 
01 03 04 00 00 00 29 3B ED 
01 03 04 00 00 00 2F BB EF 
01 03 04 00 00 00 36 7A 25 
01 03 04 00 00 00 39 3A 21 
01 03 04 00 00 00 3D 3B E2 
01 03 04 00 00 00 3F BA 23 
01 03 04 00 00 00 42 7A 02 
01 03 04 00 00 00 4B BA 04 
01 03 04 00 00 00 51 3B CF 
01 03 04 00 00 00 54 FB CC 
01 03 04 00 00 00 5A 7A 08 
01 03 04 00 00 00 61 3B DB  
01 03 04 00 00 00 67 BB D9 
01 03 04 00 00 00 6A 7A 1C 
01 03 04 00 00 00 6E 7B DF 
01 03 04 00 00 00 73 BB D6 
01 03 04 00 00 00 7A 7B D0 
01 03 04 00 00 00 81 3A 53 
01 03 04 00 00 00 84 FA 50 
01 03 04 00 00 00 8B BA 54 
01 03 04 00 00 00 91 3B 9F 
01 03 04 00 00 00 96 7A 5D 
01 03 04 00 00 00 9C FA 5A 
01 03 04 00 00 00 A2 7B 8A 
01 03 04 00 00 00 A7 BB 89 
01 03 04 00 00 00 AC FA 4E 
01 03 04 00 00 00 AF BA 4F 
01 03 04 00 00 00 B1 3A 47 
01 03 04 00 00 00 B6 7B 85 
01 03 04 00 00 00 BC FB 82 
01 03 04 00 00 00 BF BB 83 
01 03 04 00 00 00 C0 FA 63 
01 03 04 00 00 00 C6 7A 61 
01 03 04 00 00 00 C8 FB A5 
01 03 04 00 00 00 CD 3B A6 
01 03 04 00 00 00 D1 3A 6F 
01 03 04 00 00 00 D4 FA 6C 
01 03 04 00 00 00 D5 3B AC 
01 03 04 00 00 00 D5 3B AC 
01 03 04 00 00 00 D9 3B A9 
01 03 04 00 00 00 DE 7A 6B 
01 03 04 00 00 00 DF BB AB 
01 03 04 00 00 00 E4 FA 78 
01 03 04 00 00 00 E7 BA 79 
01 03 04 00 00 00 ED 3A 7E 
01 03 04 00 00 00 EF BB BF 
01 03 04 00 00 00 F5 3A 74 
01 03 04 00 00 00 F8 FB B1 
01 03 04 00 00 00 FA 7A 70 
01 03 04 00 00 00 FC FA 72 
01 03 04 00 00 00 FD 3B B2 
01 03 04 00 00 00 FD 3B B2 
01 03 04 00 00 00 FF BA 73 
01 03 04 00 00 01 05 3B A0 
01 03 04 00 00 01 04 FA 60 
01 03 04 00 00 01 07 BA 61 
01 03 04 00 00 01 13 BA 6E 
01 03 04 00 00 01 18 FB A9 
01 03 04 00 00 01 1C FA 6A 
01 03 04 00 00 01 24 FB B8 
01 03 04 00 00 01 27 BB B9 
01 03 04 00 00 01 2E 7B BF 
01 03 04 00 00 01 31 3A 77 
01 03 04 00 00 01 33 BB B6 
01 03 04 00 00 01 38 FA 71 
01 03 04 00 00 01 3C FB B2 
01 03 04 00 00 01 38 FA 71 
01 03 04 00 00 01 2A 7A 7C 
01 03 04 00 00 01 1C FA 6A 
01 03 04 00 00 01 1B BB A8 
01 03 04 00 00 01 1D 3B AA 
01 03 04 00 00 01 1F BA 6B 
01 03 04 00 00 01 1D 3B AA 
01 03 04 00 00 01 1B BB A8 
01 03 04 00 00 01 1D 3B AA 
01 03 04 00 00 01 1E 7B AB 
01 03 04 00 00 01 28 FB BD 
01 03 04 00 00 01 2E 7B BF 
01 03 04 00 00 01 34 FA 74 
01 03 04 00 00 01 36 7B B5 
01 03 04 00 00 01 34 FA 74 
01 03 04 00 00 01 38 FA 71 
01 03 04 00 00 01 37 BA 75 
01 03 04 00 00 01 37 BA 75 
01 03 04 00 00 01 37 BA 75 
01 03 04 00 00 01 32 7A 76 
01 03 04 00 00 01 35 3B B4 
01 03 04 00 00 01 3A 7B B0 
01 03 04 00 00 01 3B BA 70 
01 03 04 00 00 01 42 7B 92 
01 03 04 00 00 01 46 7A 51 
01 03 04 00 00 01 48 FB 95 
01 03 04 00 00 01 4F BA 57 
01 03 04 00 00 01 52 7A 5E 
01 03 04 00 00 01 57 BA 5D 
01 03 04 00 00 01 5D 3A 5A 
01 03 04 00 00 01 5E 7A 5B 
01 03 04 00 00 01 60 FB 8B 
01 03 04 00 00 01 62 7A 4A 
01 03 04 00 00 01 65 3B 88 
01 03 04 00 00 01 69 3B 8D 
01 03 04 00 00 01 6E 7A 4F 
01 03 04 00 00 01 73 BA 46 
01 03 04 00 00 01 76 7A 45 
01 03 04 00 00 01 81 3B C3 
01 03 04 00 00 01 87 BB C1 
01 03 04 00 00 01 39 3B B1 
01 03 04 00 00 00 BF BB 83 
01 03 04 00 00 00 24 FA 28 
01 03 04 FF FF FF FC BB A6 
01 03 04 FF FF FF FA 3B A4 
01 03 04 FF FF FF FB FA 64 
01 03 04 FF FF FF FC BB A6 
01 03 04 FF FF FF FD 7A 66 
01 03 04 00 00 00 01 3B F3 
01 03 04 00 00 00 0A 7A 34 
01 03 04 00 00 00 38 FB E1 
01 03 04 00 00 00 5D 3B CA 
01 03 04 00 00 00 99 3A 59 
01 03 04 00 00 00 B1 3A 47 
01 03 04 00 00 00 D6 7B AD 
01 03 04 00 00 00 E4 FA 78 
01 03 04 00 00 01 03 BB A2 
01 03 04 00 00 01 1E 7B AB 
01 03 04 00 00 01 2A 7A 7C 
01 03 04 00 00 01 4B BB 94 
01 03 04 00 00 01 58 FA 59 
01 03 04 00 00 01 6A 7B 8C 
01 03 04 00 00 01 73 BA 46 
01 03 04 00 00 01 89 3A 05 
01 03 04 00 00 01 93 BB CE 
01 03 04 00 00 01 87 BB C1 
01 03 04 00 00 00 9B BB 98 
01 03 04 00 00 00 0C FA 36 
01 03 04 FF FF FF FC BB A6 
01 03 04 FF FF FF FB FA 64 
01 03 04 FF FF FF FA 3B A4 
01 03 04 FF FF FF FA 3B A4 
01 03 04 FF FF FF FA 3B A4 
01 03 04 FF FF FF FC BB A6 
01 03 04 00 00 00 00 FA 33 
01 03 04 00 00 00 19 3B F9 
01 03 04 00 00 00 61 3B DB 
01 03 04 00 00 00 85 3B 90 
01 03 04 00 00 00 CC FA 66 
01 03 04 00 00 01 02 7A 62 
01 03 04 00 00 01 1C FA 6A 
01 03 04 00 00 01 4D 3B 96 
01 03 04 00 00 01 6D 3A 4E 
01 03 04 00 00 01 7E 7B 83 
01 03 04 00 00 01 7F BA 43 
01 03 04 00 00 01 88 FB C5 
01 03 04 00 00 01 89 3A 05 
01 03 04 00 00 01 69 3B 8D 
01 03 04 00 00 01 43 BA 52 
01 03 04 00 00 00 8B BA 54 
01 03 04 00 00 00 08 FB F5 
01 03 04 FF FF FF FF FB A7 
01 03 04 FF FF FF FB FA 64 
01 03 04 FF FF FF FB FA 64 
01 03 04 FF FF FF FD 7A 66 
01 03 04 00 00 00 1F BB FB 
01 03 04 00 00 00 9F BA 5B 
01 03 04 00 00 01 02 7A 62 
01 03 04 00 00 01 2F BA 7F 
01 03 04 00 00 01 4C FA 56 
01 03 04 00 00 01 67 BA 49 
01 03 04 00 00 01 73 BA 46 
01 03 04 00 00 01 82 7B C2 
01 03 04 00 00 01 83 BA 02 
01 03 04 00 00 01 82 7B C2 
01 03 04 00 00 01 7E 7B 83 
01 03 04 00 00 01 55 3B 9C 
01 03 04 00 00 00 CA 7A 64 
01 03 04 00 00 00 1F BB FB 
01 03 04 00 00 00 03 BA 32 
01 03 04 FF FF FF FB FA 64 
01 03 04 FF FF FF FB FA 64 
01 03 04 FF FF FF FA 3B A4 
01 03 04 FF FF FF FC BB A6 
01 03 04 00 00 00 21 3A 2B 
01 03 04 00 00 00 B6 7B 85 
01 03 04 00 00 01 25 3A 78 
01 03 04 00 00 01 59 3B 99 
01 03 04 00 00 01 67 BA 49 
01 03 04 00 00 01 7B BB 80 
01 03 04 00 00 01 90 FB CF 
01 03 04 00 00 01 93 BB CE 
01 03 04 00 00 01 92 7A 0E 
01 03 04 00 00 01 9A 7B C8 
01 03 04 00 00 01 A1 3A 1B 
01 03 04 00 00 01 A3 BB DA 
01 03 04 00 00 01 A8 FA 1D 
01 03 04 00 00 01 AE 7A 1F 
01 03 04 00 00 01 A2 7A 1A 
01 03 04 00 00 01 5B BA 58 
01 03 04 00 00 00 51 3B CF 
01 03 04 00 00 00 12 7A 3E 
01 03 04 FF FF FF FA 3B A4 
01 03 04 FF FF FF FA 3B A4 
01 03 04 FF FF FF F9 7B A5 
01 03 04 FF FF FF FC BB A6 
01 03 04 00 00 00 03 BA 32 
01 03 04 00 00 00 66 7A 19 
01 03 04 00 00 00 F6 7A 75 
01 03 04 00 00 01 38 FA 71 
01 03 04 00 00 01 4E 7B 97 
01 03 04 00 00 01 6D 3A 4E 
01 03 04 00 00 01 79 3A 41 
01 03 04 00 00 01 89 3A 05 
01 03 04 00 00 01 98 FA 09 
01 03 04 00 00 01 A1 3A 1B 
01 03 04 00 00 01 A6 7B D9 
01 03 04 00 00 01 A4 FA 18 
01 03 04 00 00 01 A3 BB DA 
01 03 04 00 00 01 A2 7A 1A 
01 03 04 00 00 01 A6 7B D9 
01 03 04 00 00 01 A8 FA 1D 
01 03 04 00 00 01 A5 3B D8 
01 03 04 00 00 01 4A 7A 54 
01 03 04 00 00 00 45 3B C0 
01 03 04 FF FF FF F8 BA 65 
01 03 04 FF FF FF FA 3B A4 
01 03 04 FF FF FF FA 3B A4 
01 03 04 FF FF FF FA 3B A4 
01 03 04 00 00 00 07 BB F1 
01 03 04 00 00 00 6C FA 1E 
01 03 04 00 00 00 F7 BB B5 
01 03 04 00 00 01 41 3B 93 
01 03 04 00 00 01 55 3B 9C 
01 03 04 00 00 01 6C FB 8E 
01 03 04 00 00 01 78 FB 81 
01 03 04 00 00 01 7D 3B 82 
01 03 04 00 00 01 84 FB C0 
01 03 04 00 00 01 8A 7A 04 
01 03 04 00 00 01 8D 3B C6 
01 03 04 00 00 01 92 7A 0E 
01 03 04 00 00 01 94 FA 0C 
01 03 04 00 00 01 92 7A 0E 
01 03 04 00 00 01 88 FB C5 
01 03 04 00 00 01 79 3A 41 
01 03 04 00 00 00 C2 7B A2 
01 03 04 00 00 00 5D 3B CA 
01 03 04 00 00 00 01 3B F3 
01 03 04 FF FF FF F7 FA 61 
01 03 04 FF FF FF F8 BA 65 
01 03 04 FF FF FF F9 7B A5 
01 03 04 FF FF FF FD 7A 66 
01 03 04 00 00 00 19 3B F9 
01 03 04 00 00 00 92 7B 9E 
01 03 04 00 00 01 01 3A 63 
01 03 04 00 00 01 3E 7A 73 
01 03 04 00 00 01 51 3A 5F 
01 03 04 00 00 01 62 7A 4A 
01 03 04 00 00 01 7B BB 80 
01 03 04 00 00 01 8B BB C4 
01 03 04 00 00 01 92 7A 0E 
01 03 04 00 00 01 9D 3A 0A 
01 03 04 00 00 01 B1 3B D7 
01 03 04 00 00 01 B6 7A 15 
01 03 04 00 00 01 AA 7B DC 
01 03 04 00 00 01 A4 FA 18 
01 03 04 00 00 01 A3 BB DA 
01 03 04 00 00 01 9E 7A 0B 
01 03 04 00 00 01 96 7B CD 
01 03 04 00 00 01 94 FA 0C 
01 03 04 00 00 01 93 BB CE 
01 03 04 00 00 01 91 3A 0F 
01 03 04 00 00 01 8B BB C4 
01 03 04 00 00 01 8B BB C4 
01 03 04 00 00 01 8B BB C4 
01 03 04 00 00 01 90 FB CF 
01 03 04 00 00 01 91 3A 0F 
01 03 04 00 00 01 8D 3B C6 
01 03 04 00 00 01 93 BB CE 
01 03 04 00 00 01 92 7A 0E 
01 03 04 00 00 01 92 7A 0E 
01 03 04 00 00 01 96 7B CD 
01 03 04 00 00 01 83 BA 02 
01 03 04 00 00 00 4D 3A 06 
01 03 04 FF FF FF FD 7A 66 
01 03 04 FF FF FF F7 FA 61 
01 03 04 FF FF FF F7 FA 61 
01 03 04 FF FF FF FA 3B A4 
01 03 04 00 00 00 5E 7B CB 
01 03 04 00 00 00 A6 7A 49 
01 03 04 00 00 01 1E 7B AB 
01 03 04 00 00 01 61 3A 4B 
01 03 04 00 00 01 75 3A 44 
01 03 04 00 00 01 99 3B C9 
01 03 04 00 00 01 AC FB DE 
01 03 04 00 00 01 BA 7A 10 
01 03 04 00 00 01 C6 7B F1 
01 03 04 00 00 01 C6 7B F1 
01 03 04 00 00 01 BB BB D0 
01 03 04 00 00 01 B4 FB D4 
01 03 04 00 00 01 A0 FB DB 
01 03 04 00 00 00 FE 7B B3 
01 03 04 00 00 00 1D 3A 3A 
01 03 04 FF FF FF FB FA 64 
01 03 04 FF FF FF FF FB A7
01 03 04 00 00 00 01 3B F3 
01 03 04 00 00 00 00 FA 33 
01 03 04 FF FF FF FF FB A7 
01 03 04 FF FF FF FE 3A 67 
01 03 04 FF FF FF FD 7A 66 
01 03 04 FF FF FF FE 3A 67 
01 03 04 FF FF FF FE 3A 67 
01 03 04 FF FF FF FE 3A 67 
01 03 04 FF FF FF FD 7A 66 
01 0304 FF FF FF FD 7A 66 
01 03 04 FF FF FF FD 7A 66 
01 03 04 FF FF FF FD 7A 66 
